9949 0 0.0196873 0.036228 0 0 0 0.0559153
9958 0.033619 0.0492183 0.045285 0 0 0 0.128122
9966 0.033619 0.0492183 0.045285 0 0 0 0.128122
9975 0.0112063 0.127968 0.036228 0 0 0 0.175402
9984 0 0.059062 0.045285 0.0798122 0 0 0.184159
10001 0 0.059062 0.045285 0.0798122 0 0 0.184159
10010 0 0.0885929 0.036228 0.0299296 0 0 0.154751
10019 0 0.0885929 0.036228 0.0299296 0 0 0.154751
10027 0 0.029531 0.036228 0 0 0 0.065759
10037 0.033619 0.0492183 0.063399 0 0 0 0.146236
10045 0.033619 0.0492183 0.063399 0 0 0 0.146236
10062 0 0.00984366 0.00905701 0 0 0 0.0189007
10071 0 0.0393746 0 0 0 0 0.0393746
10080 0 0.0393746 0 0 0 0 0.0393746
10089 0.0112063 0.0689056 0.036228 0 0 0 0.11634
10098 0.0112063 0.0689056 0.036228 0 0 0 0.11634
10106 0 0.029531 0.036228 0 0 0 0.065759
10124 0 0.0196873 0.0905701 0 0 0 0.110257
10133 0 0.0196873 0.0905701 0 0 0 0.110257
10141 0 0.0689056 0.036228 0 0 0 0.105134
10150 0.0224127 0.0393746 0.063399 0 0 0 0.125186
10185 0.0224127 0.0393746 0.063399 0 0 0 0.125186
10220 0.067238 0.059062 0 0.0698357 0 0 0.196136
10234 0 0.0196873 0.117741 0 0 0 0.137428
10248 0 0.0196873 0.117741 0 0 0 0.137428
10265 0.033619 0 0.072456 0 0 0 0.106075
10274 0.033619 0 0.072456 0 0 0 0.106075
10282 0 0 0.054342 0 0 0 0.054342
10300 0 0.059062 0.027171 0 0 0 0.086233
10309 0 0 0.054342 0 0 0 0.054342
10326 0 0 0.054342 0 0 0 0.054342
10335 0 0.00984366 0.072456 0 0 0 0.0822997
10344 0.0112063 0 0 0.0498826 0 0 0.061089
10352 0.0112063 0 0 0.0498826 0 0 0.061089
10361 0 0.059062 0.0996271 0 0 0 0.158689
10370 0 0.059062 0.027171 0 0 0 0.086233
10387 0 0.029531 0.027171 0.0498826 0 0 0.106585
10396 0 0 0.126798 0 0 0 0.126798
10405 0 0 0.126798 0 0 0 0.126798
10414 0.0112063 0.0689056 0 0.00997653 0 0 0.0900885
10422 0.0560316 0 0 0.0299296 0 0 0.0859612
10431 0.0560316 0 0 0.0299296 0 0 0.0859612
10449 0.033619 0.029531 0.018114 0 0 0 0.081264
10458 0 0.00984366 0.00905701 0.0498826 0 0 0.0687833
10466 0 0.00984366 0.00905701 0.0498826 0 0 0.0687833
10475 0.0224127 0 0 0 0 0 0.0224127
10481 0.0224127 0 0 0 0 0 0.0224127
10491 0 0.0393746 0 0.00997653 0 0 0.0493512
10501 0 0 0.018114 0.0598592 0 0 0.0779732
10513 0 0 0.018114 0.0598592 0 0 0.0779732
10523 0 0.0492183 0.018114 0 0 0 0.0673323
10533 0 0.00984366 0.036228 0.0199531 0 0 0.0660247
10543 0 0.00984366 0.036228 0.0199531 0 0 0.0660247
10553 0.0112063 0.059062 0 0.0598592 0 0 0.130127
10564 0.0112063 0 0.054342 0 0 0 0.0655484
10574 0.0112063 0 0.054342 0 0 0 0.0655484
10584 0.067238 0.029531 0.027171 0.0299296 0 0 0.15387
10594 0.067238 0.029531 0.027171 0.0299296 0 0 0.15387
10604 0 0 0 0.0798122 0 0 0.0798122
10618 0.0112063 0.0492183 0.027171 0.0299296 0 0 0.117525
10625 0.0112063 0.0492183 0.027171 0.0299296 0 0 0.117525
10635 0.0448253 0.0393746 0 0 0 0 0.0842
10645 0.0560316 0.0393746 0 0.00997653 0 0 0.105383
10665 0.0784443 0.0393746 0 0.00997653 0 0 0.127795
10676 0.0784443 0.0393746 0 0.00997653 0 0 0.127795
10687 0.033619 0 0.018114 0.0299296 0 0 0.0816626
10696 0.033619 0 0.018114 0.0498826 0 0 0.101616
10706 0.033619 0 0.018114 0.0498826 0 0 0.101616
10720 0.100857 0 0 0.0698357 0 0 0.170693
10728 0.033619 0.0492183 0 0.0698357 0 0 0.152673
10738 0.033619 0.0492183 0 0.0698357 0 0 0.152673
10748 0.0896506 0 0 0.0897887 0 0 0.179439
10758 0.100857 0 0 0.0299296 0 0 0.130787
10769 0.100857 0 0 0.0299296 0 0 0.130787
10779 0.112063 0 0 0.129695 0 0 0.241758
10789 0.112063 0 0 0.129695 0 0 0.241758
10799 0.0784443 0 0 0.169601 0 0 0.248045
10810 0.067238 0 0 0.0897887 0 0 0.157027
10823 0.067238 0 0 0.0897887 0 0 0.157027
10830 0.21292 0 0 0.189554 0 0 0.402474
10840 0.201714 0 0 0.159624 0 0 0.361338
10850 0.201714 0 0 0.159624 0 0 0.361338
10868 0.112063 0 0 0.119718 0 0 0.231782
10876 0.134476 0 0 0.119718 0 0 0.254194
10885 0.134476 0 0 0.119718 0 0 0.254194
10891 0.179301 0 0 0.129695 0 0 0.308996
10901 0.179301 0 0 0.129695 0 0 0.308996
10911 0.112063 0 0 0.169601 0 0 0.281664
10921 0.100857 0 0 0.159624 0 0 0.260481
10933 0.100857 0 0 0.159624 0 0 0.260481
10941 0.112063 0 0 0.159624 0 0 0.271688
10953 0.100857 0 0 0.149648 0 0 0.250505
10963 0.100857 0 0 0.149648 0 0 0.250505
10973 0.100857 0 0 0.0897887 0 0 0.190646
10983 0.067238 0 0 0.129695 0 0 0.196933
10994 0.067238 0 0 0.129695 0 0 0.196933
11004 0.145682 0 0 0.0299296 0 0 0.175612
11014 0.145682 0 0 0.0299296 0 0 0.175612
11024 0.067238 0.0196873 0 0.0598592 0 0 0.146784
11035 0.0784443 0.00984366 0.018114 0.109742 0 0 0.216144
11045 0.0784443 0.00984366 0.018114 0.109742 0 0 0.216144
11055 0 0 0 0.0199531 0 0 0.0199531
11065 0.0560316 0.029531 0.018114 0.109742 0 0 0.213418
11075 0.0560316 0.029531 0.018114 0.109742 0 0 0.213418
11085 0.0224127 0.0393746 0 0.0399061 0 0 0.101693
11096 0 0 0 0.0498826 0 0 0.0498826
11106 0 0 0 0.0498826 0 0 0.0498826
11119 0.0224127 0.00984366 0.00905701 0.0698357 0 0 0.111149
11137 0 0.0196873 0.027171 0.00997653 0 0 0.0568349
11148 0 0.0492183 0.0905701 0.0698357 0 0 0.209624
11158 0 0.0492183 0.0905701 0.0698357 0 0 0.209624
11168 0 0.029531 0.027171 0.00997653 0 0 0.0666785
11178 0 0.029531 0.036228 0 0 0 0.065759
11188 0 0.029531 0.036228 0 0 0 0.065759
11198 0 0.0787493 0.054342 0 0 0 0.133091
11209 0 0.0787493 0.054342 0 0 0 0.133091
11219 0 0.0885929 0.054342 0 0 0 0.142935
11229 0 0.0689056 0.072456 0 0 0 0.141362
11239 0 0.0689056 0.072456 0 0 0 0.141362
11250 0 0 0.0905701 0 0 0 0.0905701
11260 0 0.10828 0.117741 0 0 0 0.226021
11270 0 0.10828 0.117741 0 0 0 0.226021
11280 0 0.0787493 0.054342 0 0 0 0.133091
11290 0 0.0393746 0.0905701 0 0 0 0.129945
11310 0 0.10828 0.036228 0 0 0 0.144508
11321 0 0.10828 0.036228 0 0 0 0.144508
11331 0 0.029531 0.072456 0 0 0 0.101987
11341 0 0.00984366 0.0815131 0 0 0 0.0913567
11351 0 0.00984366 0.0815131 0 0 0 0.0913567
11363 0 0.0984366 0.072456 0 0 0 0.170893
11371 0 0.10828 0.054342 0.00997653 0 0 0.172599
11383 0 0.10828 0.054342 0.00997653 0 0 0.172599
11393 0 0.0393746 0.0815131 0 0 0 0.120888
11403 0.0112063 0.059062 0.036228 0 0 0 0.106496
11423 0 0.0984366 0.108684 0 0 0 0.207121
11434 0 0.0984366 0.108684 0 0 0 0.207121
11444 0 0.059062 0.045285 0 0 0 0.104347
11456 0 0.0885929 0.00905701 0.0199531 0 0 0.117603
11464 0 0.0885929 0.00905701 0.0199531 0 0 0.117603
11474 0 0.0787493 0.126798 0 0 0 0.205547
11485 0 0.10828 0.054342 0 0 0 0.162622
11495 0 0.10828 0.054342 0 0 0 0.162622
11507 0 0.0689056 0.018114 0 0 0 0.0870196
11516 0 0.00984366 0.0815131 0 0 0 0.0913567
11526 0 0.00984366 0.0815131 0 0 0 0.0913567
11535 0 0.0492183 0.027171 0 0 0 0.0763893
11545 0 0.0492183 0.027171 0 0 0 0.0763893
11556 0 0.0492183 0.0815131 0 0 0 0.130731
11566 0 0.059062 0.0996271 0 0 0 0.158689
11587 0 0.118124 0.0905701 0 0 0 0.208694
11596 0 0.0196873 0.072456 0 0 0 0.0921434
11608 0 0.0196873 0.072456 0 0 0 0.0921434
11616 0 0.059062 0.108684 0.0399061 0 0 0.207652
11629 0 0.059062 0.108684 0.0399061 0 0 0.207652
11638 0 0.0492183 0.072456 0 0 0 0.121674
11648 0 0.147655 0.0815131 0 0 0 0.229168
11658 0 0.147655 0.0815131 0 0 0 0.229168
11668 0 0 0.036228 0.00997653 0 0 0.0462045
11679 0 0.0689056 0.027171 0 0 0 0.0960766
11689 0 0.0689056 0.027171 0 0 0 0.0960766
11699 0 0.0492183 0.0815131 0 0 0 0.130731
11709 0 0.0393746 0.045285 0 0 0 0.0846597
11720 0 0.0393746 0.045285 0 0 0 0.0846597
11730 0 0.0984366 0.072456 0 0 0 0.170893
11740 0 0.0984366 0.072456 0 0 0 0.170893
11753 0 0.059062 0.0815131 0 0 0 0.140575
11760 0 0.0885929 0.045285 0.0199531 0 0 0.153831
11771 0 0.0885929 0.045285 0.0199531 0 0 0.153831
11781 0 0.059062 0.00905701 0 0 0 0.068119
11791 0 0.0787493 0.0905701 0.0199531 0 0 0.189272
11801 0 0.0787493 0.0905701 0.0199531 0 0 0.189272
11813 0 0.0492183 0.027171 0 0 0 0.0763893
11823 0 0.0689056 0.063399 0 0 0 0.132305
11833 0 0.0689056 0.063399 0 0 0 0.132305
11843 0 0.0984366 0.063399 0 0 0 0.161836
11854 0 0.0984366 0.063399 0 0 0 0.161836
11864 0 0 0.072456 0 0 0 0.072456
11874 0 0.0787493 0.0815131 0 0 0 0.160262
11894 0 0.0787493 0.117741 0 0 0 0.19649
11904 0 0.0984366 0.045285 0 0 0 0.143722
11924 0.033619 0.0492183 0.063399 0 0 0 0.146236
11935 0 0.029531 0.0905701 0.00997653 0 0 0.130078
11955 0 0.0196873 0.054342 0 0 0 0.0740294
11965 0 0.0196873 0.054342 0 0 0 0.0740294
11975 0 0.0689056 0.063399 0 0 0 0.132305
11985 0 0.10828 0.045285 0.0199531 0 0 0.173518
11996 0 0.10828 0.045285 0.0199531 0 0 0.173518
12006 0 0.0492183 0.072456 0.0299296 0 0 0.151604
12016 0 0.0689056 0.063399 0.0399061 0 0 0.172211
12026 0 0.0689056 0.063399 0.0399061 0 0 0.172211
12038 0 0.127968 0.027171 0 0 0 0.155139
12048 0 0.0787493 0.063399 0.0199531 0 0 0.162101
12058 0 0.0787493 0.063399 0.0199531 0 0 0.162101
12068 0 0.0984366 0.0996271 0 0 0 0.198064
12078 0 0.0984366 0.0996271 0 0 0 0.198064
12089 0 0.029531 0.00905701 0.0199531 0 0 0.058541
12099 0 0.0787493 0.045285 0.00997653 0 0 0.134011
12109 0 0.0787493 0.045285 0.00997653 0 0 0.134011
12119 0 0.0689056 0.036228 0.0199531 0 0 0.125087
12130 0 0.00984366 0.063399 0 0 0 0.0732427
12148 0 0.00984366 0.063399 0 0 0 0.0732427
12156 0 0.0492183 0.0815131 0 0 0 0.130731
12165 0 0.0492183 0.00905701 0 0 0 0.0582753
12171 0 0.0492183 0.00905701 0 0 0 0.0582753
12180 0.033619 0.0492183 0.027171 0 0 0 0.110008
12191 0.033619 0.0492183 0.027171 0 0 0 0.110008
12200 0 0.0196873 0.0815131 0 0 0 0.1012
12211 0 0 0.036228 0 0 0 0.036228
12221 0 0 0.036228 0 0 0 0.036228
12231 0 0.10828 0.072456 0 0 0 0.180736
12241 0 0.029531 0.036228 0 0 0 0.065759
12253 0 0.029531 0.036228 0 0 0 0.065759
12263 0 0.10828 0.0996271 0 0 0 0.207907
12273 0 0.10828 0.072456 0 0 0 0.180736
12283 0 0.0492183 0.072456 0 0 0 0.121674
12293 0 0 0.0905701 0 0 0 0.0905701
12304 0 0 0.0905701 0 0 0 0.0905701
12314 0 0.0492183 0.027171 0 0 0 0.0763893
12324 0.0112063 0.0885929 0.072456 0 0 0 0.172255
12344 0 0.0689056 0.0996271 0 0 0 0.168533
12355 0 0 0.0815131 0.0299296 0 0 0.111443
12365 0 0 0.0815131 0.0299296 0 0 0.111443
12375 0 0.0787493 0.027171 0 0 0 0.10592
12385 0 0.0787493 0.027171 0 0 0 0.10592
12396 0 0.0689056 0.072456 0.0498826 0 0 0.191244
12405 0 0.0689056 0.054342 0 0 0 0.123248
12416 0 0.0689056 0.054342 0 0 0 0.123248
12426 0.0784443 0.127968 0.072456 0 0 0 0.278868
12437 0 0.0984366 0.0815131 0 0 0 0.17995
12446 0 0.0984366 0.0815131 0 0 0 0.17995
12458 0 0.0393746 0 0 0 0 0.0393746
12468 0 0.059062 0.018114 0 0 0 0.077176
12478 0 0.059062 0.018114 0 0 0 0.077176
12488 0 0.0787493 0.0815131 0 0 0 0.160262
12499 0 0.0787493 0.0815131 0 0 0 0.160262
12508 0 0.0689056 0.018114 0 0 0 0.0870196
12519 0 0.0689056 0.045285 0 0 0 0.114191
12529 0 0.0689056 0.045285 0 0 0 0.114191
12539 0 0.059062 0.0815131 0 0 0 0.140575
12549 0 0.118124 0.027171 0.00997653 0 0 0.155271
12560 0 0.118124 0.027171 0.00997653 0 0 0.155271
12570 0 0.118124 0.045285 0 0 0 0.163409
12580 0 0.059062 0.072456 0.00997653 0 0 0.141495
12590 0 0.059062 0.072456 0.00997653 0 0 0.141495
12603 0 0.0689056 0.018114 0 0 0 0.0870196
12611 0 0.0689056 0.018114 0 0 0 0.0870196
12620 0 0.0492183 0.063399 0 0 0 0.112617
12632 0.0896506 0.059062 0.054342 0 0 0 0.203055
12641 0.0896506 0.059062 0.054342 0 0 0 0.203055
12651 0 0.0393746 0.045285 0 0 0 0.0846597
12661 0.067238 0.0492183 0.072456 0 0 0 0.188912
12673 0.067238 0.0492183 0.072456 0 0 0 0.188912
12683 0 0.0984366 0.108684 0 0 0 0.207121
12693 0 0.157499 0.054342 0 0 0 0.211841
12714 0 0.0492183 0.018114 0 0 0 0.0673323
12724 0 0.0492183 0.018114 0 0 0 0.0673323
12734 0 0.029531 0.00905701 0 0 0 0.038588
12744 0.0112063 0.059062 0.054342 0.0399061 0 0 0.164516
12754 0.0112063 0.059062 0.054342 0.0399061 0 0 0.164516
12765 0 0.059062 0.0815131 0 0 0 0.140575
12775 0 0.0984366 0.027171 0 0 0 0.125608
12788 0 0.0984366 0.027171 0 0 0 0.125608
12796 0 0.0984366 0.0905701 0 0 0 0.189007
12805 0 0.10828 0.0905701 0.0399061 0 0 0.238756
12815 0 0.10828 0.0905701 0.0399061 0 0 0.238756
12825 0 0.118124 0.153969 0.0897887 0 0 0.361882
12837 0 0.118124 0.153969 0.0897887 0 0 0.361882
12846 0 0.10828 0.117741 0 0 0 0.226021
12856 0 0.147655 0.108684 0.0698357 0 0 0.326175
12866 0 0.147655 0.108684 0.0698357 0 0 0.326175
12878 0.0784443 0.167342 0.18114 0.219484 4.92108 3.59301 0.64641
12888 0.112063 0.305153 0.298881 0.399061 6.57462 3.77604 1.11516
12908 0.179301 0.374059 0.280767 0.548709 8.36505 2.9951 1.38284
12918 0.21292 0.482339 0.470964 0.91784 8.59253 4.99177 2.08406
12929 0.21292 0.482339 0.470964 0.91784 8.59253 4.99177 2.08406
12939 0.268952 0.659525 0.661161 1.33685 9.10874 5.48202 2.92649
12949 0.268952 0.659525 0.661161 1.33685 9.10874 5.48202 2.92649
12959 0.504285 0.935148 0.806074 1.72594 8.50275 4.12664 3.97144
12970 0.54911 1.14186 0.896644 1.94542 9.05316 3.809 4.53304
12980 0.54911 1.14186 0.896644 1.94542 9.05316 3.809 4.53304
12990 0.638761 1.25014 0.9691 2.03521 8.57052 3.41924 4.89322
13000 0.649967 1.25999 0.9691 2.02523 8.49336 3.31662 4.90429
13021 0.661173 1.18124 0.842302 1.76585 8.10915 2.5808 4.45056
13032 0.54911 0.964679 0.661161 1.25704 7.3678 1.76755 3.43199
13041 0.54911 0.964679 0.661161 1.25704 7.3678 1.76755 3.43199
13051 0.324984 0.669369 0.307938 0.498826 7.42974 -1.56226 1.80112
13061 0.324984 0.669369 0.307938 0.498826 7.42974 -1.56226 1.80112
13073 0.033619 0.334684 0.135855 0.0598592 9.97617 -4.58999 0.564018
13083 0 0 0.054342 0.0299296 0 0 0.0842716
13093 0 0 0.054342 0.0299296 0 0 0.0842716
13103 0 0.0787493 0.00905701 0 0 0 0.0878063
13114 0 0 0.0815131 0 0 0 0.0815131
13124 0 0 0.0815131 0 0 0 0.0815131
13134 0 0.10828 0.072456 0 0 0 0.180736
13144 0 0.167342 0.027171 0 0 0 0.194513
13154 0 0.167342 0.027171 0 0 0 0.194513
13166 0 0.0787493 0.054342 0.0498826 0 0 0.182974
13175 0 0.0787493 0.054342 0.0498826 0 0 0.182974
13185 0 0.029531 0.018114 0 0 0 0.047645
13195 0 0.0984366 0.0815131 0 0 0 0.17995
13206 0 0.0984366 0.0815131 0 0 0 0.17995
13216 0 0.0984366 0 0 0 0 0.0984366
13226 0.0224127 0.0393746 0.072456 0 0 0 0.134243
13237 0.0224127 0.0393746 0.072456 0 0 0 0.134243
13248 0 0.0787493 0.00905701 0 0 0 0.0878063
13256 0 0.059062 0.108684 0 0 0 0.167746
13268 0 0.059062 0.108684 0 0 0 0.167746
13278 0 0.0492183 0.072456 0 0 0 0.121674
13288 0 0.0492183 0.072456 0 0 0 0.121674
13298 0 0.059062 0.036228 0 0 0 0.09529
13309 0 0.059062 0.054342 0 0 0 0.113404
13329 0 0.059062 0.108684 0 0 0 0.167746
13340 0 0.0393746 0.072456 0 0 0 0.111831
13349 0 0.0393746 0.072456 0 0 0 0.111831
13360 0 0.059062 0.0905701 0 0 0 0.149632
13371 0 0.10828 0.0905701 0 0 0 0.19885
13380 0 0.10828 0.0905701 0 0 0 0.19885
13390 0 0.0984366 0.0905701 0.0498826 0 0 0.238889
13401 0 0.0984366 0.0905701 0.0498826 0 0 0.238889
13412 0 0.0492183 0.027171 0.0199531 0 0 0.0963424
13428 0 0.0492183 0.163026 0 0 0 0.212244
13437 0 0.0492183 0.163026 0 0 0 0.212244
13445 0 0.0492183 0.0815131 0 0 0 0.130731
13454 0 0.0689056 0.072456 0 0 0 0.141362
13461 0 0.0689056 0.072456 0 0 0 0.141362
13473 0.0112063 0.0689056 0.063399 0 0 0 0.143511
13483 0 0 0.054342 0 0 0 0.054342
13505 0 0.0492183 0.0996271 0 0 0 0.148845
13513 0 0.0492183 0.0996271 0 0 0 0.148845
13524 0 0 0.018114 0 0 0 0.018114
13534 0 0.0787493 0.0905701 0.0399061 0 0 0.209225
13544 0 0.0787493 0.0905701 0.0399061 0 0 0.209225
13554 0 0.0689056 0.063399 0 0 0 0.132305
13564 0 0.0885929 0.0905701 0 0 0 0.179163
13575 0 0.0885929 0.0905701 0 0 0 0.179163
13585 0 0.0787493 0.054342 0 0 0 0.133091
13595 0 0.0689056 0.00905701 0 0 0 0.0779626
13615 0 0.059062 0.063399 0 0 0 0.122461
13625 0 0.059062 0.063399 0 0 0 0.122461
13637 0 0.059062 0.018114 0 0 0 0.077176
13646 0 0.059062 0.072456 0 0 0 0.131518
13656 0 0.059062 0.072456 0 0 0 0.131518
13666 0 0.0787493 0.036228 0 0 0 0.114977
13676 0 0.0492183 0.036228 0 0 0 0.0854463
13688 0 0.0492183 0.036228 0 0 0 0.0854463
13698 0 0.0787493 0.0815131 0 0 0 0.160262
13718 0 0.0196873 0.054342 0 0 0 0.0740294
13728 0 0.0984366 0.0815131 0 0 0 0.17995
13739 0 0.0984366 0.0815131 0 0 0 0.17995
13751 0 0.0492183 0.036228 0 0 0 0.0854463
13759 0 0.0689056 0.0905701 0 0 0 0.159476
13769 0 0.0689056 0.0905701 0 0 0 0.159476
13779 0 0.0984366 0.036228 0.00997653 0 0 0.144641
13790 0 0.0492183 0.045285 0 0 0 0.0945033
13800 0 0.0492183 0.045285 0 0 0 0.0945033
13810 0 0.0984366 0.126798 0 0 0 0.225235
13820 0 0.0984366 0.126798 0 0 0 0.225235
13831 0 0.059062 0.036228 0 0 0 0.09529
13841 0 0 0.036228 0.00997653 0 0 0.0462045
13851 0 0 0.036228 0.00997653 0 0 0.0462045
13861 0 0.0787493 0.135855 0 0 0 0.214604
13871 0 0.0689056 0.063399 0 0 0 0.132305
13883 0 0.0689056 0.063399 0 0 0 0.132305
13893 0 0.059062 0.063399 0 0 0 0.122461
13903 0 0.0393746 0.018114 0 0 0 0.0574887
13913 0 0.0393746 0.018114 0 0 0 0.0574887
13924 0 0.118124 0.063399 0.00997653 0 0 0.191499
13935 0 0.118124 0.00905701 0.00997653 0 0 0.137157
13944 0 0.0492183 0.00905701 0 0 0 0.0582753
13955 0 0.137811 0.054342 0 0 0 0.192153
13965 0 0.137811 0.054342 0 0 0 0.192153
13975 0 0.0885929 0.0815131 0 0 0 0.170106
13988 0 0.0787493 0.0996271 0.0199531 0 0 0.198329
13995 0 0.0787493 0.0996271 0.0199531 0 0 0.198329
14006 0 0.0492183 0.054342 0 0 0 0.10356
14015 0 0.0492183 0.036228 0.0299296 0 0 0.115376
14026 0 0.0492183 0.036228 0.0299296 0 0 0.115376
14036 0 0.0787493 0.0815131 0 0 0 0.160262
14056 0 0.0393746 0.036228 0 0 0 0.0756027
14074 0 0.127968 0.045285 0 0 0 0.173253
14083 0 0.127968 0.045285 0 0 0 0.173253
14091 0 0.10828 0.108684 0 0 0 0.216964
14098 0 0.0196873 0.018114 0 0 0 0.0378013
14108 0 0.0196873 0.018114 0 0 0 0.0378013
14118 0.033619 0.0393746 0.00905701 0.0598592 0 0 0.14191
14129 0.0224127 0.0492183 0 0.0199531 0 0 0.091584
14149 0 0 0.027171 0.0199531 0 0 0.0471241
14159 0 0 0.027171 0.0199531 0 0 0.0471241
14169 0.0224127 0.0492183 0 0.0299296 0 0 0.101561
14179 0 0 0.027171 0.0698357 0 0 0.0970067
14189 0 0 0.027171 0.0698357 0 0 0.0970067
14200 0.067238 0 0 0.0199531 0 0 0.087191
14210 0.0224127 0 0.018114 0.119718 0 0 0.160245
14220 0.0224127 0 0.018114 0.119718 0 0 0.160245
14230 0.0784443 0 0 0.0897887 0 0 0.168233
14242 0.0784443 0 0 0.129695 0 0 0.208139
14251 0.0784443 0 0 0.129695 0 0 0.208139
14261 0.112063 0 0.018114 0.0698357 0 0 0.200013
14271 0.112063 0 0.018114 0.0698357 0 0 0.200013
14282 0.0224127 0 0 0.0997653 0 0 0.122178
14293 0.0896506 0 0 0.109742 0 0 0.199392
14313 0.112063 0 0 0.0997653 0 0 0.211829
14323 0.100857 0 0 0.119718 0 0 0.220575
14333 0.100857 0 0 0.119718 0 0 0.220575
14344 0.12327 0 0 0.109742 0 0 0.233011
14354 0.100857 0 0 0.119718 0 0 0.220575
14364 0.100857 0 0 0.119718 0 0 0.220575
14374 0.0784443 0 0 0.139671 0 0 0.218116
14385 0.0784443 0 0 0.139671 0 0 0.218116
14394 0.0896506 0 0 0.119718 0 0 0.209369
14405 0.067238 0 0 0.0698357 0 0 0.137074
14415 0.067238 0 0 0.0698357 0 0 0.137074
14425 0.0784443 0 0.027171 0.0897887 0 0 0.195404
14435 0.067238 0 0 0.0399061 0 0 0.107144
14446 0.067238 0 0 0.0399061 0 0 0.107144
14456 0.0560316 0.0196873 0 0.00997653 0 0 0.0856955
14466 0 0 0 0.0897887 0 0 0.0897887
14476 0 0 0 0.0897887 0 0 0.0897887
14488 0 0.00984366 0.054342 0.0798122 0 0 0.143998
14498 0 0.00984366 0.054342 0.0798122 0 0 0.143998
14508 0.033619 0 0.00905701 0.0897887 0 0 0.132465
14516 0 0.059062 0 0.0897887 0 0 0.148851
14528 0 0.059062 0 0.0897887 0 0 0.148851
14538 0.0112063 0 0 0.0698357 0 0 0.081042
14548 0.0560316 0.0393746 0 0.0698357 0 0 0.165242
14568 0.0112063 0.0885929 0.00905701 0.0199531 0 0 0.128809
14589 0.0784443 0.0196873 0 0.0399061 0 0 0.138038
14599 0.0224127 0.00984366 0.054342 0.0598592 0 0 0.146458
14609 0.0224127 0.00984366 0.054342 0.0598592 0 0 0.146458
14620 0 0 0.054342 0.0498826 0 0 0.104225
14630 0.100857 0 0.00905701 0.0299296 0 0 0.139844
14640 0.100857 0 0.00905701 0.0299296 0 0 0.139844
14650 0.0448253 0 0 0 0 0 0.0448253
14663 0.033619 0 0 0.0598592 0 0 0.0934781
14671 0.033619 0 0 0.0598592 0 0 0.0934781
14681 0 0 0 0.0798122 0 0 0.0798122
14691 0 0 0 0.0798122 0 0 0.0798122
14708 0 0 0.036228 0.00997653 0 0 0.0462045
14716 0.0224127 0 0 0.0299296 0 0 0.0523422
14725 0.0224127 0 0 0.0299296 0 0 0.0523422
14733 0 0.00984366 0 0.0598592 0 0 0.0697028
14743 0.0560316 0 0 0.0698357 0 0 0.125867
14753 0.0560316 0 0 0.0698357 0 0 0.125867
14763 0.0448253 0 0.018114 0.0199531 0 0 0.0828924
